AXES OF THE REPRESENTATIVE ELLIPSOID
	1.0	1.0	1.0
DISCRETE TEXTURE FROM ODF FILE
B	1000	0
	67.5665935776	30.7723200734	200.645581423	1
	320.9954098	25.674444712	313.528263287	1
	281.921283004	84.9278764658	190.345130696	1
	13.5237255003	15.9706662546	107.702130497	1
	168.702831231	90.5544456582	298.823202199	1
	328.333753396	86.2341328896	9.37555775605	1
	66.6689573599	176.814219307	77.9934852685	1
	284.910931568	27.9559104296	215.307960082	1
	102.398620084	132.167551392	278.212450538	1
	336.256847143	114.000641344	313.310094337	1
	196.973773959	125.145209119	268.126650506	1
	324.433609308	81.3434035609	282.394127615	1
	125.871591947	148.022512338	336.658363198	1
	116.986531829	45.7064713059	83.7482569962	1
	181.174341923	25.9763143236	150.799089149	1
	259.140052869	28.6415831644	255.329136727	1
	311.888962116	63.9645945672	246.03635768	1
	132.688229907	157.196242136	82.9025699604	1
	66.2067563956	161.17833739	78.85688208	1
	45.7756760068	133.33746479	276.599094441	1
	250.875954235	88.0109278489	254.889597358	1
	125.12365487	53.1474089895	254.67460953	1
	276.251056625	55.5608364311	239.731052113	1
	165.114957526	96.5603782331	30.2660887799	1
	5.84455341586	71.6255010428	88.6442656931	1
	38.1665790831	140.140958972	226.069606321	1
	130.447844105	89.8662229745	84.3687795411	1
	208.960723143	60.3180694381	55.9745189647	1
	178.512675312	157.922378177	355.837043662	1
	109.513763945	96.5465061124	290.318365465	1
	41.8386764533	173.260774728	169.735439042	1
	146.460494906	77.7199919512	149.18809659	1
	242.100979579	10.0388786627	285.690256049	1
	224.225537293	138.812006015	150.139851634	1
	1.32396767291	115.599109209	148.17304815	1
	243.095964307	1.54898716645	280.670046989	1
	333.280772069	14.1020377069	321.904742188	1
	151.99752641	8.02559630132	76.0554231999	1
	17.8223395918	63.5304323697	325.538661568	1
	42.4461564405	119.978505493	54.8652797366	1
	229.582439764	66.4137042676	94.4824149984	1
	68.1803077282	96.1485542614	175.288004579	1
	41.4666345698	158.673845791	67.3794040733	1
	25.5396389978	71.9481419931	81.5775306945	1
	178.390822259	12.7888971949	162.269198944	1
	226.63158145	103.322616042	109.158889265	1
	300.49681649	169.160008253	247.846660993	1
	245.817436433	77.7807865267	302.943687748	1
	141.594674481	45.126505516	219.913373099	1
	294.195735758	80.2386871509	335.295867191	1
	3.25072407551	75.3043760604	24.35606925	1
	154.102259056	4.41446077122	312.989512661	1
	135.070890258	30.2343938449	208.426442192	1
	57.4034138993	15.9272499004	99.6764680774	1
	82.0595810758	26.7303865725	226.097733724	1
	178.745096665	81.4015365427	191.930177331	1
	301.536029144	125.034159483	136.770693182	1
	72.3708919044	118.071373775	205.079789634	1
	300.584985504	84.5617481743	9.47299802467	1
	4.11119360973	146.385418041	20.5308504331	1
	222.426894225	173.978993775	147.696907801	1
	71.7740116029	8.06295596278	74.6242472963	1
	94.8210747426	63.2684634447	349.372604969	1
	302.805074631	32.3452987423	114.714166414	1
	132.218216529	115.729170618	111.063579775	1
	248.79533492	22.5574765219	285.593946693	1
	212.001963693	95.593454432	3.69191637958	1
	136.701335458	169.486428596	279.849590218	1
	306.076910829	160.696148923	331.674059508	1
	283.140329011	111.875801439	127.420185998	1
	29.2811113838	109.159241697	6.33082679698	1
	258.255837675	58.2195201668	26.9627451627	1
	170.517590964	65.7607862197	288.945914346	1
	214.668089167	147.121542684	37.1924934826	1
	65.4427790411	156.059688898	7.78761557596	1
	45.6965657604	176.956848933	338.230880461	1
	293.461412908	146.81038662	161.729737116	1
	153.984512505	113.653712164	244.664281625	1
	246.864743861	86.4378403064	15.2604818538	1
	318.411048702	62.4931481548	191.062757503	1
	134.071771493	94.4377649296	41.7895276483	1
	170.157107831	97.2768977542	79.4903669121	1
	196.948052292	132.703016107	10.6753847568	1
	189.841551143	163.13110137	97.8036871801	1
	125.768074137	16.4494475431	323.622327425	1
	183.481538658	82.9515641182	17.4155506376	1
	139.72836591	4.36023164509	336.701629196	1
	159.746627881	5.38704604211	187.138100604	1
	235.413154664	76.7037520545	119.232334082	1
	221.85942661	6.90388382231	41.9940571753	1
	4.58797776348	46.4184002848	172.27529149	1
	235.354709216	52.1035273401	298.718450503	1
	305.406139607	76.9708297391	178.014050784	1
	257.311724911	132.055158438	8.6412372044	1
	251.989799666	40.4536310069	309.756626817	1
	78.3804627563	162.107667456	164.933937974	1
	193.699673541	10.9661181284	45.5619478763	1
	207.626761203	29.4804435971	146.880522309	1
	186.570132255	114.060054115	340.764793592	1
	33.9515364193	4.5701404979	252.020218032	1
	129.109685601	64.8958522849	251.80815533	1
	17.8734947608	22.9733992667	250.714142799	1
	203.939998216	147.326618153	157.387723035	1
	51.9402269713	95.2298919715	80.323653106	1
	77.5844019689	57.0355604909	185.976934733	1
	244.743506269	106.116259715	317.7534366	1
	240.814171866	68.7433348423	0.0538793868397	1
	190.118711541	34.3251527648	275.145753226	1
	200.197026977	117.933607282	328.183376414	1
	165.687085823	84.4372401208	255.021880732	1
	260.034224412	138.757159347	107.036705693	1
	235.000553897	64.44516432	123.000836053	1
	302.808586553	42.6158235429	236.370782043	1
	158.80397103	39.9142152816	161.020337571	1
	64.1733523303	66.8271132133	54.1920307165	1
	139.786606209	40.0944307985	160.550245141	1
	199.717548406	89.1570146831	4.25972499968	1
	291.865225117	174.084044241	162.695809269	1
	203.599856103	167.759823852	33.1627887348	1
	41.4259572271	97.8110534165	60.4375719771	1
	237.652822036	40.5941442367	88.7601809781	1
	290.952393872	87.9843668942	111.641190258	1
	46.1881446688	117.729982036	292.670681642	1
	2.25226111034	35.6679124594	322.83374169	1
	13.5443041843	120.405504233	327.224672745	1
	132.440723091	49.8865857149	83.2457063813	1
	193.394866951	24.271015204	200.869757044	1
	193.589650473	172.089055419	271.538098047	1
	346.252460691	76.0978735517	64.0493696266	1
	178.957935303	70.9082695915	78.4278508227	1
	325.469077399	136.432727113	351.451336697	1
	174.650043992	97.8277214222	357.851615857	1
	194.245776963	51.9745089435	91.2215817304	1
	144.274917526	146.198654347	197.518085977	1
	13.1746556654	2.07468715695	359.909932198	1
	40.4740009246	89.3732800597	60.5939713079	1
	163.445616293	13.3872153754	44.3866093495	1
	189.98826166	136.933124778	150.231997822	1
	258.074464486	50.2496292493	212.122557163	1
	30.8062827569	173.417743738	204.143077106	1
	20.6196240022	61.146455088	217.023933508	1
	31.6886540687	154.295389866	94.2102416101	1
	104.879891475	32.693446298	260.020077313	1
	210.001817616	133.786869417	81.9818497662	1
	249.621472982	22.2882676408	199.287413532	1
	311.322430934	56.4750211812	278.546581931	1
	131.223396101	48.3485360269	75.0692926277	1
	316.567232045	170.051634152	198.643812269	1
	192.846556782	19.4896169124	17.5238013026	1
	160.91442084	20.2394639963	92.4245281586	1
	66.4843522957	17.2819933098	88.2609853602	1
	301.336705618	147.706205897	341.825186011	1
	315.607938405	96.3543551139	254.540383187	1
	282.708498374	138.443725896	339.305848739	1
	46.0297399658	73.31303839	19.8752239107	1
	235.671676744	50.2679613411	251.385638304	1
	341.423830047	129.142866312	131.346737739	1
	237.646741541	151.861906355	106.075803989	1
	21.8553746331	48.2437198922	12.1665587062	1
	226.516299535	116.269051622	345.502288327	1
	180.347269935	10.4164252511	120.679282667	1
	60.58059562	61.7696008059	278.603608119	1
	103.889636034	90.111910264	82.1586449788	1
	191.764847247	9.12477057439	330.403359313	1
	40.7170288481	49.5958589244	215.962379616	1
	344.966850893	118.972479585	184.330590439	1
	181.93045943	93.9617929614	313.324062603	1
	203.307322002	174.445500991	345.84775218	1
	136.737458262	162.654260209	167.558661869	1
	173.155810341	133.545631233	80.529930157	1
	22.2612026161	135.626414274	24.089084316	1
	203.965200268	29.4414789558	22.2439069698	1
	115.260407477	95.9068213993	11.5503882466	1
	303.741429677	1.13190860246	10.4961034052	1
	331.043060824	60.4340158804	48.2770174269	1
	324.672032891	79.2676203929	30.0374665391	1
	59.750597666	176.053792065	41.7409789293	1
	328.055318364	105.859478031	31.2757865448	1
	63.7737910314	6.18786812311	333.169339683	1
	209.575519034	121.63499116	333.029620733	1
	221.706226211	95.6457155561	222.562737057	1
	84.56698465	73.7788487404	223.455829737	1
	146.870711549	82.7693015332	254.53605601	1
	100.769924474	100.945419378	45.1166250182	1
	347.545395299	33.7929291405	124.022091737	1
	300.202197461	125.921092364	210.618937408	1
	352.160154006	21.7659246033	324.737985571	1
	293.30198715	137.151859439	36.9841000819	1
	196.355708817	84.5010034173	99.9474640073	1
	184.6058515	45.3791492956	47.2418599271	1
	41.3863674323	97.3551196342	146.705312846	1
	204.7499206	157.372182343	298.209850699	1
	307.574638459	123.003987975	215.91697045	1
	156.093549487	146.76479734	312.5916771	1
	103.842140002	179.233712449	230.016844158	1
	271.099743518	77.5030561188	322.449116623	1
	49.3302074117	63.3108597728	234.46476235	1
	66.0932871727	167.248493539	34.5745644217	1
	147.548436196	93.7077620079	309.199800622	1
	70.0745695179	7.23379698945	95.4114936035	1
	117.377445503	112.814787776	173.329491568	1
	140.405966289	83.143943411	77.1745435906	1
	121.96235832	104.888207361	40.3134230978	1
	3.31824881581	54.1611972368	322.779409225	1
	199.151130099	162.23707907	220.596404903	1
	342.915986129	160.13809691	109.164153492	1
	26.4550926543	37.9609778262	10.4058242717	1
	26.3007505409	149.83401196	193.128986325	1
	351.127760371	60.6244985125	227.995415787	1
	105.03403386	20.2921658453	329.392980879	1
	214.792089269	140.662329606	56.4994122052	1
	228.731843028	93.7946438816	296.778872007	1
	44.6279795655	140.543715142	199.829402285	1
	333.979629202	40.9353183602	345.714356722	1
	229.259406534	7.43321118233	89.2450848331	1
	275.549234048	90.646609696	136.579249185	1
	11.8679862587	91.9400800763	159.598578351	1
	357.055101204	152.090142859	42.3355771306	1
	354.276242844	118.900436498	49.1067413044	1
	15.9932247316	118.859396981	41.7885320917	1
	121.4985486	71.6308080715	66.6776223645	1
	80.9087654565	136.855879911	77.7728391533	1
	149.480219854	129.003625456	88.6882093149	1
	189.70772211	136.873954422	18.864718505	1
	61.7929824804	153.734673324	16.3216039516	1
	236.039057581	75.4071451947	106.333922459	1
	294.884239223	87.2732345814	98.0629460431	1
	252.135454406	4.12706616634	69.011541024	1
	33.8574933461	25.4809033789	117.343287857	1
	300.648095535	93.3271650469	225.849564216	1
	117.715609509	179.639313437	111.745178128	1
	317.944368422	176.298659295	59.7438029077	1
	18.1717332671	149.090137693	52.0954668905	1
	10.8171107598	134.886713074	200.294607103	1
	15.0821040061	21.4210082864	186.502806694	1
	84.0864451793	146.983717059	357.467469782	1
	21.8238936059	48.430265763	314.796684819	1
	308.152734386	105.982551944	87.9758587429	1
	231.318313659	3.60833817931	73.4302192468	1
	155.947324697	89.6726315653	162.335658412	1
	177.459915663	79.319114819	196.269839463	1
	124.773230317	128.448818313	149.259316168	1
	207.711601579	71.7566338768	96.1803731174	1
	99.3313980422	101.717455543	189.176559681	1
	86.5331748429	128.928724968	283.505695779	1
	190.818361836	74.0014508569	131.943525597	1
	239.388975938	153.904941839	149.385759859	1
	37.5277895444	18.6445297465	17.2131673965	1
	294.04528768	155.122748516	302.536204883	1
	102.17497534	128.85917009	236.290536562	1
	169.407899989	30.3745282644	218.980656855	1
	273.073347071	50.3847443717	52.6837464251	1
	334.578818902	148.635014257	29.3900422792	1
	191.929486022	18.3759249311	87.5062386024	1
	359.750574864	48.3736052883	144.835976212	1
	343.268672229	117.548123075	333.962735328	1
	71.2928334607	63.5693137273	201.275839016	1
	93.013591349	159.821115835	60.7808452428	1
	332.203349507	112.106438105	214.458515384	1
	221.115512844	43.4617602542	183.429369183	1
	329.299139799	1.16836857655	350.151113616	1
	271.873530274	55.6877054316	30.818801092	1
	183.437574625	94.4426014058	157.561286778	1
	277.340182094	150.286525665	343.774840451	1
	315.381173356	13.6532333925	138.253199377	1
	291.799281721	91.8122861189	9.22884192436	1
	302.257432483	122.936083651	84.418393557	1
	74.7814167983	47.9284152692	183.941116858	1
	241.543219068	119.934869635	359.648807555	1
	350.391385719	103.385242457	33.4290951541	1
	123.535140092	20.2976944469	80.5059768384	1
	297.411003713	41.385466681	302.327343705	1
	327.29265161	70.6512992558	259.64888381	1
	39.9875527915	152.471912729	7.68211014825	1
	204.631828508	175.984641058	318.020778131	1
	148.689993061	170.063750794	305.242080976	1
	223.19671087	94.2595432419	354.57746745	1
	51.1326885902	57.2248707416	105.187347136	1
	272.144211803	45.6128258821	4.23027370326	1
	231.48204593	134.026084839	256.738855233	1
	84.7414742921	62.7319674865	45.6899953858	1
	116.021873257	111.634692675	8.84861324599	1
	161.130214651	72.1018785884	218.238673349	1
	114.091757004	97.3322347249	333.0234294	1
	129.579253474	16.0578882094	247.76448886	1
	48.6582001585	87.8319265638	107.762380072	1
	75.8325208016	69.9238384851	249.733778676	1
	255.971121885	47.3817313128	15.9907100952	1
	315.721582436	30.19803042	329.419200526	1
	45.8928038366	110.350878854	159.829512969	1
	20.4523763361	84.96648996	213.338555534	1
	346.55514314	68.1818939744	214.053102105	1
	248.626700566	92.23054521	224.136364659	1
	187.04719218	29.598439714	147.821526021	1
	72.4235495931	9.0064929776	24.9184934036	1
	74.8582680132	61.5450095402	180.86638748	1
	98.0875088117	0.575893150312	316.695264088	1
	5.33917666677	116.995675659	172.111001048	1
	16.7704882714	58.7028977927	349.308464662	1
	257.344416601	118.519999755	1.76092874029	1
	24.3065808868	3.50214204107	150.785928846	1
	302.69330868	111.961893664	118.350912015	1
	24.5794564088	26.4414879354	92.757943033	1
	304.086987689	110.701834473	152.339881174	1
	306.088864574	67.6933323008	348.269667431	1
	253.721558888	132.006455948	161.486052169	1
	294.95587289	101.853910026	114.698723307	1
	181.628009436	147.803952748	202.018046439	1
	191.719570023	57.6465800716	325.524801583	1
	280.882214797	19.3866632385	125.668628939	1
	255.58836015	6.10981956491	47.1445805886	1
	33.6471796382	143.119284991	178.362333137	1
	73.1368291124	96.7262422196	332.391119623	1
	320.08780681	81.1319944314	302.047393519	1
	141.310075723	73.2429020055	112.807779377	1
	166.152307615	138.657186715	233.500736297	1
	181.518926493	151.863761501	244.385070292	1
	21.850605809	106.447151111	91.2972616982	1
	61.8387069026	112.501719757	305.694360525	1
	56.1094162619	101.073260444	124.854753319	1
	124.443959653	50.1717460714	108.222502896	1
	12.0342154382	144.859785167	199.529516997	1
	291.179451764	99.6133829276	280.733864465	1
	131.298605694	138.33687679	246.270133207	1
	214.113331802	160.13741323	260.870950684	1
	332.933394057	23.5804969137	60.4193733203	1
	250.441282005	148.298160299	216.512733132	1
	347.050465624	56.0351832914	3.20699901353	1
	307.334126475	153.93535443	136.785823689	1
	306.844405531	90.967550607	60.826651465	1
	124.310372634	104.926235771	73.2477933835	1
	20.9372648796	92.8827492763	149.671543963	1
	272.470916343	81.2117803251	33.8479425749	1
	169.617349497	157.6591911	45.5722688702	1
	122.465796153	57.9160741699	140.342554315	1
	271.640980464	130.294646046	252.121555428	1
	15.1196486226	165.364101865	151.133030624	1
	286.418161098	10.8413705311	355.073613791	1
	343.10238378	8.71452030055	194.750377506	1
	49.7168572232	144.192014425	39.1127210375	1
	167.34447401	34.6987793895	190.039946777	1
	255.20982695	106.876830913	73.6369790529	1
	298.380294136	90.8293521833	195.621929526	1
	1.72927699842	123.224262452	10.2184343539	1
	291.779005859	104.206814268	329.250854131	1
	347.757760155	88.4351118204	299.718185594	1
	281.369995681	35.4200747309	32.2830550817	1
	358.610862004	23.6175882397	327.397825612	1
	249.546561576	155.071114131	142.868492076	1
	317.711468356	61.0487464306	229.28864628	1
	261.168500541	32.2019187731	189.929866228	1
	210.662029707	72.8931917585	50.8970113092	1
	249.828933829	147.368070678	347.287258176	1
	247.470826076	6.1714551246	158.593853701	1
	49.0032795073	14.9233480039	96.7438287645	1
	215.553449205	176.175960977	188.771899736	1
	71.0991140027	40.6236294413	35.3958383008	1
	298.060824189	146.365198175	143.623130329	1
	357.518875789	10.1186064765	91.8409847835	1
	74.509180568	45.8761020313	87.6490713521	1
	212.097791659	135.907351726	346.913764088	1
	216.041861829	176.116534037	96.2535814921	1
	23.1069043312	65.5769946023	91.3794035508	1
	317.996871931	60.4621736175	294.17591696	1
	283.620224458	80.2088490155	9.94954798835	1
	192.244750044	86.3585373698	337.662933026	1
	190.944971122	72.7408197325	343.563788676	1
	320.4643006	79.1489281506	111.759730184	1
	182.864599278	55.0573471035	232.485691276	1
	346.53067015	141.470816528	111.763761765	1
	195.487825674	9.88833764386	110.78060912	1
	43.0033772212	179.545786871	80.4942304459	1
	283.398025691	45.9298526561	228.651656376	1
	115.977330082	98.182573405	236.066251799	1
	68.873693727	72.0473437674	162.313886448	1
	195.977776775	167.96657491	45.3264589994	1
	325.762613344	144.440968788	355.239803149	1
	253.096253076	137.985727858	247.667666099	1
	109.028453527	126.286925468	124.549900485	1
	0.703062845548	62.0286195883	9.24137139792	1
	259.259281573	121.793056974	109.855997629	1
	157.741096822	118.771810017	108.077134457	1
	184.010973826	52.7958655368	50.2341429295	1
	135.939013665	176.439775014	40.1099877303	1
	123.862259282	23.9561591019	184.800716061	1
	236.578543985	92.4035064543	344.17044132	1
	115.54133675	10.3865055471	76.7193110334	1
	76.1650381804	1.03021602182	85.2510506857	1
	13.8356618007	10.7015306716	219.541622166	1
	223.494372886	48.9839196184	285.267934939	1
	122.575248914	64.5665376288	242.876662742	1
	234.058425324	17.2640002777	186.749045243	1
	90.0475606171	30.9661338499	98.4243886348	1
	247.622213767	167.586447904	108.689640372	1
	180.250031248	23.2454553532	272.318007495	1
	106.796883321	9.34843804951	281.566737958	1
	281.580443723	154.99786751	301.445422968	1
	36.6443262705	9.29671085888	221.672634524	1
	67.9984898134	31.3817731925	189.743311766	1
	266.136361291	104.644943115	178.322274163	1
	230.245118457	124.252901013	11.5599521253	1
	201.918255263	84.4399470013	165.395977567	1
	317.037546844	171.021203573	145.424086846	1
	335.455985405	154.376938025	99.9157138712	1
	333.874610233	43.9858753936	350.744997156	1
	316.05069053	11.3144652169	319.6439381	1
	126.235111897	153.132214986	150.749706345	1
	6.99161233052	123.803948785	122.723033374	1
	186.838226971	172.235580364	148.622885387	1
	175.420933154	150.783420883	270.846868293	1
	201.64904843	76.249617495	230.856584143	1
	205.277223477	129.464539404	96.1273187206	1
	158.908938623	3.45354102952	87.4928189386	1
	26.9675117443	135.831835916	346.416523668	1
	252.950494812	80.7729479464	14.4872204892	1
	92.6873044955	117.861721883	211.815795878	1
	175.61439097	106.886661454	353.337876843	1
	325.658979983	87.3348302008	184.110903545	1
	288.746859112	9.87480786748	67.1212476509	1
	190.498328996	76.4223622416	112.732728159	1
	174.623531979	106.844646286	89.829389477	1
	145.806132209	145.582109501	87.7169735573	1
	0.597403080027	156.510256352	123.68398879	1
	266.863807198	171.544409059	327.201121629	1
	98.3554708751	3.78680543716	177.389628669	1
	180.511027585	27.6120584887	70.1251761399	1
	234.75153872	10.3050235499	67.7413406894	1
	142.545084823	99.1501577813	324.224167755	1
	305.448239791	141.910849852	54.2525789588	1
	125.919865963	40.2049696396	288.032027363	1
	28.732014619	165.794300115	29.1503967173	1
	219.972380449	63.3055136374	108.127416203	1
	162.03391607	136.545521354	310.871316962	1
	92.2599247932	61.5491659834	322.422665153	1
	27.6609968221	172.538041425	338.393811035	1
	182.394891275	159.748574228	267.256668252	1
	89.6989393671	6.15430789106	301.414874721	1
	191.106181925	62.0075715086	111.962813273	1
	49.0480360017	42.2105085409	334.020763877	1
	105.959698196	166.51386719	261.4427405	1
	342.709208517	84.4585076242	320.663755096	1
	290.797007504	69.1682804104	126.335862173	1
	7.13153683132	77.8278335297	324.766617996	1
	104.08655379	46.7284209395	166.137580388	1
	262.29373144	106.487159297	296.084051969	1
	309.02327408	155.84421196	30.7870296031	1
	133.740827036	0.373625394497	6.63891489529	1
	116.835175554	69.1606482482	72.6498979291	1
	29.255420765	71.066438598	196.754985702	1
	304.365565065	86.3587923598	182.730590182	1
	309.877248714	68.5012077989	106.697555946	1
	315.478249609	145.114033429	145.359163086	1
	86.4190379738	140.116402513	47.9740123226	1
	289.452902365	70.4671205819	227.357535733	1
	60.7065343347	151.51137281	17.7751125831	1
	39.8898696026	43.9793224122	346.655611685	1
	54.6919146596	16.6263255215	177.319260744	1
	312.644336639	15.985216206	324.341199819	1
	172.145949371	179.391485191	99.0013675133	1
	136.034579196	166.705990307	217.505245226	1
	36.4123102526	156.152000358	113.566108693	1
	71.6140910877	135.706194298	143.719480741	1
	45.1254484651	108.457939458	224.000532206	1
	67.744192946	23.1706284661	333.161862795	1
	324.569760407	71.0572356132	104.666206094	1
	134.525359467	96.193566527	66.1561935619	1
	300.43343337	89.0140082789	84.2023293739	1
	193.285005288	156.066665309	162.946233786	1
	217.845431064	106.295370188	4.53515340854	1
	10.3926119063	44.4947468043	227.486362471	1
	5.29428862725	18.2025447427	40.2018992054	1
	140.714328906	85.1112275006	126.59872279	1
	109.994217418	58.5510381726	182.80585953	1
	237.938043162	156.045263312	211.977338291	1
	136.651780609	118.573430658	356.597489352	1
	299.289832459	0.948443824202	194.928571699	1
	240.639013107	65.6947935276	142.182979348	1
	95.9860170401	103.061307337	24.4220043354	1
	272.203507869	45.664112498	115.404700159	1
	124.037873431	156.955456813	322.11767865	1
	189.219847633	19.8425980267	2.23315572319	1
	41.3853423129	5.12871570516	326.447869386	1
	32.8903976094	149.672677098	157.852944387	1
	17.6817304082	172.563703831	155.24967784	1
	279.240415535	55.8086813346	120.028002609	1
	154.002403653	55.727451381	13.4122931022	1
	217.230026548	107.729138079	120.276937417	1
	24.4788037275	126.765508849	181.897214653	1
	173.639976622	141.428631228	68.9315109967	1
	14.3619529638	5.42625906442	47.2573240523	1
	79.1130052795	84.2645928903	74.8980212322	1
	287.875110263	30.0497134344	198.317671233	1
	182.908548149	119.868863826	262.250855975	1
	26.1243410737	80.272391564	269.146922996	1
	244.974259728	24.8315164841	38.307105961	1
	101.765474347	48.8878158284	156.584962724	1
	45.9263292098	179.103876653	116.701559849	1
	324.436882365	20.2818408055	58.6975609241	1
	251.654008036	9.44103448216	107.550179435	1
	177.989896174	169.703012858	106.459124211	1
	249.15759376	48.5066924159	257.835176	1
	110.79834741	106.022472093	25.6260148001	1
	170.509151844	179.437109647	291.595081238	1
	101.264482028	96.7436604935	200.13210758	1
	334.663465884	4.24635056398	142.709351815	1
	91.6441150562	117.730959217	273.901913909	1
	149.627852192	170.332625546	318.769566707	1
	260.258257585	3.48079284011	234.059979478	1
	190.185478343	116.244489126	56.8026209316	1
	215.090081983	89.6145029491	158.799962211	1
	345.558330939	123.851489987	143.56965958	1
	289.06508123	88.6508702345	84.2376943467	1
	83.2417448975	176.724034312	6.94353395	1
	170.568773309	3.07226347818	259.095288349	1
	197.272780343	84.100819921	130.230964952	1
	105.765684727	95.3315272065	49.7005196325	1
	358.030820047	12.2898248913	326.293940664	1
	39.435116313	171.479663668	296.247358388	1
	113.611110911	173.26865919	74.8236140726	1
	258.139619038	35.1427956405	72.6219667977	1
	185.434865497	34.0718763653	246.508187869	1
	215.468741822	103.817743679	217.147705421	1
	262.165932743	60.2608340696	6.69311380767	1
	260.918570441	177.818090289	18.7971213284	1
	10.3104374464	177.059378786	40.1762070503	1
	78.6279978197	71.1004311272	76.0561652268	1
	170.562630733	129.531258292	168.26042372	1
	98.0194620488	92.2439186502	258.114970982	1
	59.002272371	113.273474733	84.1554274092	1
	287.294336111	26.023919293	242.481184316	1
	196.353746811	97.2248470289	281.111797368	1
	122.146056045	130.882732621	18.4449177759	1
	250.775313537	12.6423463747	61.5380265752	1
	58.8292295728	76.6520843085	45.3704371919	1
	195.874369101	24.9034429154	19.8561288856	1
	137.899281593	133.461117087	199.562928175	1
	15.238247974	119.833782773	250.679570517	1
	281.379259094	160.171575441	246.856828703	1
	328.38150761	36.1392469373	166.707195243	1
	231.326240226	63.7879952134	155.856782752	1
	288.29636085	179.854392233	243.048054849	1
	5.8069378856	164.421840972	323.971552977	1
	153.905566852	61.5617226324	79.6095849636	1
	186.812152853	115.695837819	7.54600086159	1
	165.503850489	167.161302814	38.2393163256	1
	226.49621607	152.417834718	260.509584631	1
	346.565369377	35.3720437738	165.433336402	1
	29.2742410055	20.7822678384	237.514602654	1
	280.484519331	178.357316857	122.982380866	1
	11.0142410052	133.061152834	9.54550595575	1
	237.547450784	58.7322293397	100.185714962	1
	328.517705094	87.9360865483	254.029134577	1
	21.2696114743	79.8295288572	206.984336059	1
	138.759232753	31.9303436474	7.66245893509	1
	288.797344803	120.167395014	299.801801604	1
	219.934192558	94.8054692751	229.347093213	1
	68.4036984294	45.6325035019	120.484887046	1
	341.612697494	141.913611059	149.2430243	1
	302.412343022	141.817844961	200.385571009	1
	327.559467482	98.9505930184	151.141279299	1
	203.919758309	78.9575468378	254.578518051	1
	59.8180943441	137.74533403	255.356567329	1
	101.088417379	151.097693268	12.0775814089	1
	141.286463763	12.2112423703	227.987299658	1
	190.059209297	138.253456839	265.360836776	1
	331.932018013	134.872836072	288.937252339	1
	321.831891061	51.1971074393	120.32653383	1
	177.339406149	91.868928111	311.142039196	1
	85.8746903497	32.2697132254	242.291870925	1
	229.861222494	14.4752546949	82.0282432965	1
	114.047973929	137.048207089	153.109369619	1
	43.5274497092	170.439279292	348.912285224	1
	38.0242558301	44.7782158459	323.233841743	1
	188.234547121	170.204593998	352.100500442	1
	185.710473046	81.1789757146	298.600606443	1
	257.035474359	151.960577676	349.949015598	1
	46.2201054887	167.931605574	247.556148178	1
	23.0426170021	123.890331218	315.135957382	1
	182.52859063	156.265241755	130.286100287	1
	202.410644378	20.2413185364	179.775930043	1
	222.845308811	115.520446272	34.7581995555	1
	161.340777581	98.1811016865	24.99907054	1
	235.823439689	11.8419046342	297.65749748	1
	359.919178579	163.648258877	243.551408995	1
	240.009099876	72.4652393968	347.456867225	1
	145.599862094	77.0330190817	144.659753316	1
	314.507243439	143.736986254	169.532547909	1
	45.9624874353	92.9872803355	19.8721034985	1
	222.397904409	105.286395023	147.433098663	1
	94.0956355618	96.0579902588	33.7338218072	1
	233.418639287	8.55258497467	11.0577328558	1
	14.5523462695	64.6957503085	288.36968888	1
	24.855620005	22.0011652968	293.029447273	1
	220.020947573	88.0983171576	21.5754910109	1
	270.004651406	41.5694577245	264.487198638	1
	113.68677709	53.8102862741	54.3067105246	1
	89.1838606488	104.643971384	354.868631589	1
	154.479947762	34.6924844494	278.003630467	1
	196.566501885	3.31227827746	210.964207249	1
	335.933842463	127.11703356	280.545219687	1
	31.2694467167	156.602674446	276.075127925	1
	233.499914743	42.3765171582	288.137006196	1
	132.406234416	142.427854499	180.459367432	1
	208.783040847	155.284365916	43.9195063611	1
	295.98132833	10.0740244202	323.944179143	1
	136.066907557	35.8483868324	167.359484099	1
	133.555073834	116.848295721	178.415138568	1
	78.505864416	1.83997786976	335.843254238	1
	213.306535233	92.5188554368	72.7876832164	1
	156.970404084	124.974577568	233.165088487	1
	350.211595192	8.35472547395	315.328747256	1
	127.674728245	85.0813820231	276.119030563	1
	284.576164394	117.570496767	90.5161644371	1
	162.075964275	130.163056077	254.984455319	1
	275.978652146	41.2395246385	282.32150503	1
	352.868664241	80.2630037157	162.694003162	1
	165.628863432	173.459653481	85.3256183663	1
	344.740242726	103.537785432	296.250581862	1
	115.410170693	9.07733339277	341.171942655	1
	220.130308786	140.646499221	229.760836717	1
	114.806583542	9.59643251703	171.388698149	1
	210.025819545	174.130132621	217.253675891	1
	295.226560789	49.2338081337	115.75269994	1
	106.646140702	53.3784335828	356.06712288	1
	296.876668881	111.936948094	114.836307126	1
	39.2378060902	8.40164506257	145.472428619	1
	91.5960340658	10.6067901395	235.452139791	1
	331.784419491	65.5297295978	135.20496852	1
	292.276541418	3.60558009077	167.982644407	1
	117.386323575	150.226547036	172.551120695	1
	70.6317415982	147.023040759	326.344935288	1
	241.272438393	43.1210439366	276.900273953	1
	330.985137722	1.03456952355	82.223718622	1
	74.299699339	80.714977765	70.6256778828	1
	66.0651138632	91.8373701847	271.61830206	1
	32.9411022439	32.8879776905	350.092766416	1
	42.3363698212	107.243107407	47.9705752451	1
	43.6567520356	60.7308582478	9.68851082091	1
	90.9757437356	103.383107293	237.878280848	1
	39.9373315963	175.869584161	288.656925203	1
	127.732799787	73.524768258	59.8236385299	1
	260.997701944	160.117329937	29.8823744947	1
	125.006882538	45.7435688902	144.032702955	1
	269.335690464	97.2910492668	245.078394259	1
	257.500825739	142.759265033	254.132157942	1
	244.548251376	170.274199382	11.1618533052	1
	298.93882051	138.437962686	238.296351111	1
	354.801933261	139.799945858	20.6616230762	1
	76.7236687123	103.44986397	331.728905407	1
	93.8891238673	153.733957002	30.7972468157	1
	277.60234348	146.291043622	182.470273822	1
	235.807169642	1.84066570616	300.146374982	1
	6.91474124614	147.314076012	78.0699211145	1
	333.304801811	19.5311805266	274.975317261	1
	156.244045589	118.850965819	333.003521421	1
	247.580442352	16.6699171954	213.290986596	1
	83.5082034457	129.61451905	98.3852547517	1
	248.047654881	137.474069676	335.617837267	1
	269.999224716	7.35526647678	346.027241369	1
	255.410464382	54.9336664552	210.105571034	1
	349.394634925	0.888355680576	258.584114116	1
	53.1548813728	169.032732752	321.741812818	1
	239.125567547	145.397752286	92.0022808028	1
	43.0436973502	167.782785009	29.0352348636	1
	225.329809709	154.804726576	280.244270771	1
	235.759509686	20.095272872	148.811973109	1
	164.902012063	151.15238071	303.523541015	1
	316.258122815	80.7875569415	161.901230262	1
	311.366410483	1.58412312692	2.97098650352	1
	348.563143537	43.0937835045	37.6341992651	1
	286.11605173	113.209865471	355.945991582	1
	248.068574337	170.078142893	25.7158786558	1
	229.29639061	173.4367355	183.871127815	1
	335.585652132	126.513232968	62.617458826	1
	190.209163195	11.0180326183	274.697499966	1
	254.257808486	48.5508218283	138.079241086	1
	133.043680825	82.6677973176	68.8103827412	1
	60.5871483931	18.7843020491	318.137043623	1
	199.776545559	97.3954089929	29.4072071383	1
	32.4392594072	57.2572709195	15.6501907016	1
	24.8590031179	0.310362884513	174.10123574	1
	92.0447005337	43.9222263861	315.160591433	1
	114.53553851	150.270058793	175.814380808	1
	325.328865183	48.8087400691	22.8407407367	1
	329.085393686	107.587802993	314.75871652	1
	65.6524418329	174.547441059	199.401162398	1
	332.443738296	161.800362032	58.6089555531	1
	341.159731884	64.3269733568	93.2241459695	1
	107.964982536	124.323751986	110.874764953	1
	39.3260944846	70.6151079738	144.02662185	1
	241.885351409	159.257877187	344.683668332	1
	15.0029470619	76.6025147194	229.641062469	1
	258.157498485	128.579009752	209.664831043	1
	192.650788087	35.0864596443	120.904385449	1
	298.108432876	123.330651735	125.059276623	1
	16.4480645626	67.7810544733	355.261391197	1
	147.873415553	146.820100344	151.555600111	1
	283.881170658	95.3344911895	3.94089298746	1
	5.0882710315	131.564574045	107.328402236	1
	22.2973799208	75.6589505345	131.134613191	1
	307.268989339	68.0028926672	215.379181716	1
	75.8888404364	100.623447491	236.662850122	1
	218.557087072	29.2567776024	248.470463192	1
	113.424784262	58.8464363521	80.337873275	1
	163.398201848	51.9829514797	48.7512088996	1
	284.681068349	18.7455049885	90.0619424636	1
	151.412717664	102.785079615	268.809765836	1
	290.615384729	138.88707262	259.88969558	1
	226.706330766	179.135420815	332.970434128	1
	66.0132192173	168.915985239	170.375111585	1
	244.842386831	65.6313203994	215.133983211	1
	198.129384569	95.5579532488	10.0083452558	1
	281.62238962	114.276206527	132.368194097	1
	292.688928954	155.355261809	177.531057974	1
	46.4054870251	45.5371669249	215.149566125	1
	128.879247809	34.1106527941	140.129504369	1
	93.159131325	110.028407581	336.055307785	1
	285.938897444	118.468854522	87.1046559361	1
	81.7603992111	14.9352499399	243.651653229	1
	4.34100237814	93.4432006538	138.244248384	1
	73.7121122883	68.7105091092	193.514436789	1
	50.6674722143	87.3079334811	103.750921132	1
	95.7574081359	88.6667707915	261.773356686	1
	303.19558479	100.283449488	60.8476026999	1
	132.290032427	162.441375537	260.987027764	1
	26.7907185726	157.630614451	204.63236556	1
	92.770418978	167.79665533	241.543285602	1
	205.494428169	36.255044526	348.910370149	1
	349.485919665	83.0487488963	333.308051912	1
	281.062249369	139.766768294	157.992933794	1
	19.5659881182	139.732876946	108.684611809	1
	219.347785421	14.5243512028	198.305929054	1
	151.073506012	114.68667331	78.3170486683	1
	344.272437945	118.461914849	254.146642266	1
	286.902255835	13.6375600231	207.307224099	1
	158.319116009	151.601303138	266.69898289	1
	345.740903629	86.6667385522	113.245796703	1
	189.417356334	54.597044181	12.7305657556	1
	84.2764789678	7.78515921751	308.423254893	1
	74.1384987568	21.6899614542	325.744688986	1
	289.58505083	165.682115848	247.332970754	1
	342.529527994	78.6859854256	152.314855445	1
	67.44567146	106.075432514	133.615818634	1
	36.1101370321	77.5681895312	59.4647005269	1
	342.026092295	6.04028635395	158.643288761	1
	76.6590105132	76.367233066	208.571771745	1
	276.955991666	147.704013254	64.0601397288	1
	58.2798445509	83.9997339263	118.205908275	1
	191.061929065	29.283035891	152.611944152	1
	237.873272333	164.235575951	233.885105952	1
	175.121979493	109.909925884	59.7550469189	1
	322.686598132	139.568302794	357.390218524	1
	111.254585285	61.3773095438	198.51298502	1
	259.951160276	143.925719725	253.105485366	1
	183.417852231	166.55443398	155.975064533	1
	45.7804008358	169.744004675	319.420345028	1
	280.983458198	91.5479400341	196.011647368	1
	311.863316163	27.0441303916	276.38107889	1
	81.8189634576	25.3729949117	154.651059895	1
	167.852550226	52.7266627999	167.680232228	1
	270.602007521	111.404221235	98.9660989073	1
	238.020613818	4.56282420476	341.640131856	1
	99.6839194122	117.588929856	174.955740823	1
	239.001834878	7.85094946455	159.307322566	1
	277.512881382	24.1749994524	53.3544430062	1
	323.639508924	167.631801134	281.972071571	1
	301.344462372	135.844971208	16.334890619	1
	269.09099462	45.5000007567	300.177958303	1
	178.512067333	165.134639607	179.139086332	1
	265.426947015	32.0592813846	331.368556909	1
	116.332970252	2.10638174938	252.386064215	1
	268.901532788	127.009472834	353.529837006	1
	209.037992838	119.521505972	71.8840269319	1
	284.33628212	125.261519452	343.323027341	1
	300.949261403	69.7101058799	16.3802935435	1
	217.889079416	86.9306929061	286.519365313	1
	160.924289734	133.153525168	89.639023953	1
	14.3592293572	86.121054692	291.447652026	1
	245.143527727	100.277160668	268.70120816	1
	158.411157424	18.7041742531	32.3266623362	1
	339.435482049	118.431842498	126.554038113	1
	271.811453917	155.06892675	142.318236927	1
	307.8105122	150.711022466	216.506732901	1
	210.306968707	5.04031163895	280.096354233	1
	131.610848821	29.3211943305	209.577247508	1
	304.58853686	83.6792974779	218.460228379	1
	151.800333322	161.132561573	319.329958878	1
	309.11903957	177.598355927	57.9148566045	1
	312.977522998	159.422446217	317.946444822	1
	29.3779866857	95.3127827249	105.076540216	1
	71.4164477586	16.2056186898	341.425884083	1
	54.4463789064	158.777529497	42.1190120452	1
	22.9767654166	113.704291449	231.304394795	1
	357.198990917	17.6791860763	169.001735606	1
	172.827786267	99.4033604174	291.613635813	1
	157.903466188	107.285224852	64.492154619	1
	138.469403339	73.935285641	64.8100052421	1
	180.103167326	52.2176385451	273.187728158	1
	149.915252699	14.2965348179	103.567669413	1
	51.8493404664	96.5968864876	280.559125788	1
	134.976000135	138.814823817	330.934641234	1
	116.291697723	2.12913658195	243.351613477	1
	308.815025083	158.736833567	223.03254786	1
	292.660789284	94.1917826884	32.7049846269	1
	280.344921904	169.401693752	350.448800231	1
	125.7395649	107.331236278	49.5639536887	1
	229.740641865	9.53574220114	147.836726451	1
	172.113196764	83.4843551339	56.280332348	1
	113.900992667	129.679571489	191.360593594	1
	211.601157939	20.1685403009	21.0988922835	1
	268.03183297	84.2237303483	72.217077215	1
	162.904856144	10.3247832589	200.39932117	1
	299.094181159	166.485832679	76.5514862243	1
	272.011852447	121.622857568	55.6878983556	1
	198.167649265	160.196289978	155.87378795	1
	298.5046056	41.5261899614	210.160682204	1
	208.924533724	44.5442059972	274.778628008	1
	12.9890234609	41.8483236375	126.742498801	1
	356.32688353	72.6374803908	356.566944579	1
	333.465272399	23.46228421	76.592314822	1
	78.5586243346	147.013977544	134.187691679	1
	345.51991371	134.358472433	260.767513531	1
	110.493546338	88.9632803978	255.386995429	1
	33.399464282	50.4272484946	189.521919664	1
	27.2520210178	43.4005486537	325.9702213	1
	238.882031791	132.452691918	300.003387091	1
	196.143603641	87.0467703096	88.9917898365	1
	356.516836017	83.8803571434	192.419299403	1
	1.9617814071	168.865868787	68.9409149968	1
	92.3804809806	119.129873901	275.883880423	1
	126.220046437	164.646907972	268.920289199	1
	128.655711943	132.481771217	114.655506604	1
	107.060491529	148.146670949	155.941610774	1
	54.5954345434	132.729022601	122.304205267	1
	256.436038191	102.276823793	5.68915912999	1
	205.023571433	55.6103588512	155.491948502	1
	218.603957589	25.7174944328	261.956456047	1
	17.8179986064	141.207470743	169.857850368	1
	326.037307557	160.332444504	156.514153677	1
	183.226907391	103.043954637	197.928036222	1
	299.928567677	136.84984921	214.829053683	1
	237.448751437	68.8597925441	173.043399166	1
	182.62876839	145.957389148	62.7443564496	1
	334.301073294	86.091834419	96.5322078181	1
	220.72070476	109.21097524	176.050319918	1
	149.350791977	101.67146485	296.464794639	1
	51.6087433904	53.8614148469	71.9768725995	1
	296.50523836	8.9155374908	57.0704949098	1
	52.1504737429	166.426681534	143.240824832	1
	62.0885191886	29.7626774407	92.346716163	1
	357.664804444	47.4009421945	60.7190544272	1
	37.5090455113	87.4647243295	113.337548426	1
	142.81173036	110.043148562	330.657143047	1
	228.339768604	157.644356203	68.5843012935	1
	239.000240912	24.8607288993	241.229938007	1
	162.506308766	165.184359421	239.592730837	1
	118.5995915	155.228801499	111.039251119	1
	26.3482529244	101.577601118	61.5942883452	1
	110.406992702	45.1813663246	3.6367469811	1
	349.423957428	16.0314919109	263.819396816	1
	213.910631032	52.3379562699	67.0351009545	1
	323.440888644	74.8717909734	195.302600368	1
	2.98518897998	24.9006219617	157.154796282	1
	322.808705871	64.518816375	110.360209418	1
	150.943030649	96.5381778814	296.306826364	1
	186.588934254	59.5674982034	346.080186003	1
	200.202724664	104.724244228	165.276790145	1
	256.979082579	66.6842587195	219.311280232	1
	83.6847274632	32.0572208084	96.9368206725	1
	16.6988889909	88.3104188897	26.2754679049	1
	323.492675352	121.636673623	105.816323544	1
	147.036128539	177.332823292	236.90334242	1
	92.7858680107	69.8247394074	268.921844975	1
	269.192460238	37.8702379665	41.3577891037	1
	125.865553735	11.6717406474	25.7325268011	1
	104.586185681	9.24590720938	267.86163664	1
	93.5757412674	53.3450910155	126.668200404	1
	93.1327316569	35.3291736301	225.362013606	1
	19.0351224136	90.3274273089	199.9838745	1
	288.972196104	115.95557455	129.66387927	1
	64.7558214591	63.7193651087	116.090392466	1
	144.728360584	27.1645016379	56.8324157345	1
	40.4799981894	167.454965017	333.264595191	1
	292.373619619	138.287821531	293.509429598	1
	78.6017537277	58.528661828	7.9157320412	1
	93.1130426663	59.0643082575	277.415682976	1
	229.261172995	104.465051709	99.605929755	1
	174.419496415	94.8789017025	220.165335031	1
	154.706123413	21.9042188187	99.3565412187	1
	1.16222920216	109.768793302	254.467671712	1
	328.207425585	70.6618462052	278.371938761	1
	2.97052936293	10.6544444196	113.90864953	1
	211.681825215	87.7721641355	219.605988865	1
	0.918702634038	70.1116636583	180.200031471	1
	304.456987053	128.16952389	283.707433591	1
	1.6884869009	12.9646045939	307.99129289	1
	105.962857296	132.400784387	167.659787414	1
	202.598875736	3.69727846868	277.298787873	1
	7.24577737048	131.826759412	64.269762614	1
	339.276951553	120.093699192	226.904583122	1
	166.920707617	160.434255225	135.61171592	1
	297.784380974	81.0852192204	227.506144488	1
	99.9102944045	132.577168269	14.4762513963	1
	125.19837573	176.875082587	354.444613538	1
	234.919392218	114.480556985	288.340695442	1
	210.748572692	108.181584681	284.083207764	1
	179.803056791	50.4929355324	64.980472109	1
	234.143645725	85.5132064734	46.6876885658	1
	156.08117268	54.6197541966	5.68859222529	1
	6.59428806299	10.3459258746	330.49259534	1
	304.195409174	91.5543726012	330.219583909	1
	29.3848578521	115.897853893	352.977612761	1
	253.444188398	59.166808877	98.7238206345	1
	331.444338037	108.648058267	289.829880232	1
	308.764964588	83.8017184641	128.119247367	1
	206.605804123	87.6498638016	320.612018248	1
	13.4289506871	140.136674529	154.579670983	1
	282.695559626	76.959151745	286.444103154	1
	62.2220921164	138.982783658	28.3135349092	1
	260.5065505	2.57024236064	88.0618769248	1
	50.9195407492	168.560402602	148.141711568	1
	106.580340415	75.3725613127	190.788792455	1
	122.529978898	39.2295037458	213.536155759	1
	322.922451788	155.931943934	358.478447121	1
	260.249660469	154.768644138	28.1097212039	1
	76.9364769453	86.6898987642	67.2254249985	1
	276.538092935	117.449135644	180.667399084	1
	55.6613180735	171.841710199	298.955890907	1
	277.63852174	68.4578188823	5.97774197376	1
	29.8984011458	127.183958504	126.175832603	1
	27.6316398083	66.7795483342	212.250261989	1
	211.089072785	103.285157813	252.371888753	1
	180.387613921	91.9875376593	84.9027955831	1
	34.747391821	75.3385721762	152.303361269	1
	322.367775169	154.305305676	118.181735075	1
	336.172277266	2.95937304058	131.875297654	1
	108.545708096	109.416383422	141.55488339	1
	270.087656763	73.1698172031	26.8466239155	1
	175.052149026	160.995842103	341.036398552	1
	228.126348534	175.6591666	328.591223542	1
	305.636734037	4.06055852373	320.585615965	1
	32.1994223623	168.004352022	265.748071454	1
	354.411525819	175.777425619	87.7033950496	1
	259.61532445	22.3634359434	22.5537058132	1
	194.139435293	133.128547573	122.899768862	1
	277.239335529	82.8106369705	14.1255712696	1
	194.354077368	153.772496548	236.521953246	1
	254.584790528	104.482619095	36.0570457406	1
	45.3429114085	177.483493723	276.932545458	1
	104.697463589	29.613469998	156.425231397	1
	164.311236592	129.690470418	58.831238077	1
	180.918831021	9.51211525548	299.298626456	1
	285.736363949	151.762460335	14.3321474876	1
	210.263465069	35.1021135048	134.517567811	1
	40.6923459119	94.8211231719	134.380723512	1
	350.026866625	135.209687809	212.685236343	1
	86.5252762912	164.105943653	39.0715964432	1
	42.444925958	9.89276661365	335.702166975	1
	133.443498801	34.8015675416	185.327817662	1
	245.725960146	174.146993052	165.822320284	1
	316.756073062	120.027471292	131.799503817	1
	83.5881526124	99.5284489279	117.318899194	1
	206.783145758	149.414883804	15.6367268421	1
	2.15199164897	12.672521395	351.786844515	1
	92.7903293078	5.48472110275	71.5276823897	1
	38.171988455	163.685359952	82.4350171328	1
	297.437633016	60.8276129706	359.57065217	1
	137.738105836	20.4109387939	230.158069917	1
	243.595568423	115.136080037	196.428722122	1
	204.429951104	86.5783266028	252.747382838	1
	140.433414628	138.043842456	287.320804367	1
	90.9892223723	112.778908088	258.093003405	1
	69.858869027	98.2610729744	267.308457369	1
	171.92544838	97.0612503341	144.751935472	1
	213.582882251	57.4100040181	197.798362673	1
	310.489154811	163.932563167	313.744831884	1
	142.181332796	42.8364995131	300.572251452	1
	56.0836073849	81.2911275976	296.271621662	1
	248.370401209	52.4419041045	118.143610335	1
	285.254013165	149.42698857	67.2988198805	1
	156.359624247	79.7373041036	333.152988517	1
	135.802300343	11.7984730457	62.3857134761	1
	250.288954613	146.152577542	354.546697062	1
	227.937560116	54.1725991625	50.0505494054	1
	33.4839019199	145.028436672	225.471155366	1
	4.13713238082	162.925319869	268.121517656	1
	237.314494509	58.8582582808	86.5098065933	1
	221.321938443	172.489449003	43.3830427452	1
	180.172466226	35.4723905375	142.637293241	1
	1.00429712804	76.319455131	180.736078243	1
	128.093803714	39.8867854389	54.3733073042	1
	119.301091321	113.537763206	144.250327301	1
	268.988247478	112.561581274	112.043876766	1
	36.5694134408	63.0833381356	89.3140784348	1
	303.317030301	97.0550742476	205.381440701	1
	228.789255186	76.2945350976	283.557304789	1
	337.050233774	25.9982271911	206.677092466	1
	333.779190228	2.317601785	234.071432879	1
	277.99066533	70.8751771916	272.962299244	1
	97.9581255987	94.9973939136	254.607595647	1

