*DIFFRACTING PLANES AND DIRECTION
*Number of diffraction directions and diffracting angle spread:
  74  1					"ndif"	"spread"
*Plane type and direction angle:
*"n3" or "n4"   "theta"        "phi"
3 1 0		0		50
3 1 0		5		50
3 1 0		10		50
3 1 0		15		50
3 1 0		20		50
3 1 0		25		50
3 1 0		30		50
3 1 0		35		50
3 1 0		40		50
3 1 0		45		50
3 1 0		50		50
3 1 0		55		50
3 1 0		60		50
3 1 0		65		50
3 1 0		70		50
3 1 0		75		50
3 1 0		80		50
3 1 0		85		50
3 1 0		90		50
3 1 0		95		50
3 1 0		100		50
3 1 0		105		50
3 1 0		110		50
3 1 0		115		50
3 1 0		120		50
3 1 0		125		50
3 1 0		130		50
3 1 0		135		50
3 1 0		140		50
3 1 0		145		50
3 1 0		150		50
3 1 0		155		50
3 1 0		160		50
3 1 0		165		50
3 1 0		170		50
3 1 0		175		50
3 1 0		180		50
3 1 0		0		230
3 1 0		5		230
3 1 0		10		230
3 1 0		15		230
3 1 0		20		230
3 1 0		25		230
3 1 0		30		230
3 1 0		35		230
3 1 0		40		230
3 1 0		45		230
3 1 0		50		230
3 1 0		55		230
3 1 0		60		230
3 1 0		65		230
3 1 0		70		230
3 1 0		75		230
3 1 0		80		230
3 1 0		85		230
3 1 0		90		230
3 1 0		95		230
3 1 0		100		230
3 1 0		105		230
3 1 0		110		230
3 1 0		115		230
3 1 0		120		230
3 1 0		125		230
3 1 0		130		230
3 1 0		135		230
3 1 0		140		230
3 1 0		145		230
3 1 0		150		230
3 1 0		155		230
3 1 0		160		230
3 1 0		165		230
3 1 0		170		230
3 1 0		175		230
3 1 0		180		230

